% Flightlines along the Walgreen Coast of the Amundsen Sea sector of West Antarctica, 1946-1969
% Extent: Martin Peninsula to King Peninsula
% Maps: 
%   US Navy Hydrographic Office, "Amundsen Sea to Palmer Peninsula" No. 6637, 1955. 
%   US Navy Hydrographic Office, "Ross Sea to Amundsen Sea" No. 6638, 1955. 

tma_num = [591,1359,1718,1719,1720,1721,1722,1723,1859,1860,1877,1893,1894,1895,1896,1897,1898,1901,1902,1903,1904,...
	1905,1908,1909,1910,1980,1981,1982,1983,1984,1985,1986,1987,1988,1989,1990,1991,1992,2034,2035,2036,2037,2038,...
	2039,2040,2041,2042,2043,2085,2177,5124,5125,5126,5127,5128,5129,5130,5131,5132,5133,5134,5135,5136,5138];

